70.55474854,36.49954224,49.52112961,78.44886017,19.55348778,79.35966492
53.34240341,48.98947525,41.29677963,5.02628088,32.61572266,85.74112701
57.95186234,15.56630707,69.52818298,51.80159378,41.32331085,9.315258026
28.95624542,47.44591522,17.90893173,75.70295715,15.26768208,54.18734741
30.19480133,25.72676468,42.29182434,80.06698608,61.98315048,41.5376358
77.47400665,62.87518692,54.31769943,32.52054596,9.940994263,7.337105274
1.401764154,54.20701981,81.46639252,97.27290344,20.50471878,45.13767242
76.07235718,15.63022137,54.09135818,80.42671967,69.25177765,69.88904572
81.44900513,93.85451508,42.75333405,67.48260498,50.44590759,49.92570114
70.90379333,65.44994354,50.90681458,90.51293182,18.30760193,40.69341278
4.535275459,50.60873795,22.7781601,87.57797241,99.14024353,94.50722504
41.40327072,39.04714584,61.91875839,41.6648407,47.1391449,98.46496582
86.26193237,10.73753262,48.98304367,12.3082819,0.401967764,59.14422989
79.04800415,78.3995285,68.0819397,95.41579437,42.58493042,53.19897079
37.35361862,45.96408081,88.66001129,79.7297287,28.87173271,61.50716019
96.1953125,75.36881256,37.05153656,69.62850189,75.25424957,8.915352821
87.14458466,59.60945511,30.24975586,40.16045761,89.12793732,18.44248199
5.623686314,83.27301788,29.28668213,1.629769802,82.19314575,28.35596848
94.95566559,1.875835657,15.03112888,16.77628136,17.68868637,1.880890131
36.40186691,21.03686333,52.9821167,16.42341614,10.87858677,15.25998116
52.48684311,7.39533329,22.3261776,50.97200394,1.029342413,42.0111351
76.71116638,10.5452652,58.45292664,40.60627365,15.16569901,54.84238815
5.350452423,33.16944122,36.34587097,10.61337566,37.7407608,55.84447861
59.24582672,12.82498837,87.59746552,27.61232758,18.81318092,78.1006546
46.87001038,0.024122,47.8014183,64.30467987,97.95310211,4.294771194
29.81654358,53.67940521,19.06334114,84.90999603,87.21181488,40.57448959
62.26966858,65.70549774,68.40622711,49.79692078,58.15027237,5.899148941
64.78211975,54.40139771,74.74157715,18.7775135,72.94108582,31.18371964
26.37929344,82.74118042,61.39349365,89.66166687,14.50004005,60.30437469
27.93420601,8.18935585,78.21386719,37.28142929,25.77899742,51.76931763
82.98016357,19.1922493,16.17436981,32.35548019,2.824693918,59.64377594
82.46021271,67.89133453,80.77797699,77.08327484,82.78990173,32.96253586
58.91630173,45.420784,20.26182938,21.80003548,78.33740234,90.92983246
98.60931396,35.70231247,95.67624664,44.69932175,79.11554718,77.00718689
91.09642792,14.99810791,6.585103035,23.60277748,33.26914978,57.5873909
22.68659973,70.4395752,6.152224541,87.8384552,45.09422684,43.16001129
69.5115509,92.87860107,79.31975555,61.04328156,55.51132584,73.25245667
98.00032043,53.02125168,37.96046829,37.44322205,80.3330307,16.29420471
24.39313507,8.964138985,46.35840225,38.95018768,56.39892197,5.961686134
53.38730621,75.77292633,11.95440292,86.05892944,20.35822868,24.33106995
10.63696766,40.1842041,11.54701138,58.59379196,20.75936127,75.85744476
99.94145966,46.18743515,17.37734032,93.15594482,36.46880341,95.12475586
67.61759186,49.21656418,4.811888695,51.7192421,57.3519516,34.5335083
1.570391655,20.76272964,71.48163605,33.0300827,34.41808319,68.42517853
57.51837921,32.97359467,53.30223465,86.84536743,52.82296371,79.14640045
10.00522423,9.542905807,56.10092926,25.90609741,42.54850006,3.544008732
10.30226326,58.97925568,21.67335129,25.95413399,57.3013382,79.41735077
79.88844299,16.98734665,46.80056763,17.86935425,5.004501343,48.34883118
28.44802666,92.76165009,74.63547516,34.69571304,54.75999832,20.64985657
4.564917088,9.792984009,75.23108673,0.250566006,20.64853859,60.21040726
29.57728577,44.38624954,39.89322662,74.23420715,96.26782227,90.88788605
38.20106888,27.29468346,90.30988312,84.08870697,93.30522919,94.52805328
30.09704971,87.25468445,74.60069275,27.85894203,99.25722504,65.33972931
94.85710907,75.06877136,8.855951309,70.29701233,83.95861053,1.458179951
97.98294067,27.29423714,63.45711517,40.48646164,40.93232727,66.19242096
40.13743591,67.3646698,71.30279541,81.15713501,80.52754211,96.47090149
27.8279953,25.6628933,1.568239927,74.17807007,98.94282532,0.941842794
16.04415131,8.989656448,43.1144371,43.76639175,25.84420395,95.35984039
16.28215981,3.095060587,40.19826126,7.798057556,17.44840813,7.363420486
64.65871429,32.27176666,27.52954865,41.06316376,69.46074677,29.3299675
41.0073204,79.01288605,98.53739166,33.93751907,1.698869467,58.2484436
41.27667999,29.72580147,80.25873566,71.05542755,33.90906906,80.7886734
71.2730484,23.52822495,69.6100769,31.22881126,69.25478363,4.031020164
32.62062073,48.04747009,41.75991821,79.87734985,11.03868484,5.464863777
63.31789017,25.46018982,73.44882202,15.17562294,10.97385311,56.43066788
20.75611305,34.0606575,27.71683884,59.29912186,29.05775261,31.48125458
18.60135269,4.493385315,35.65862656,95.62368774,39.88784027,41.23550034
58.33589935,48.24280548,43.34571457,24.314785,55.90221786,51.00474548
8.071464539,20.6017189,94.49710083,93.99711609,31.09516525,73.35106659
45.79714584,86.45345306,12.15499687,11.43327904,29.55807495,45.09993744
90.57298279,58.86285782,64.59513092,98.42532349,80.79410553,32.2397995
26.13682747,75.49082947,34.78326797,63.29758072,30.96175194,7.410788536
78.52122498,92.78830719,10.44322872,59.88563919,37.581604,40.87609482
37.89025497,33.10168839,18.54025078,90.25696564,40.1036377,57.29535675
28.96650505,54.29411697,7.76846981,57.48649216,84.14276123,76.34201813
91.93770599,8.069133759,43.27595139,24.51739311,40.9597168,58.03871155
63.17424011,63.43719482,95.92708588,86.01624298,72.45587921,65.18861389
62.76420212,41.00366974,54.20292664,7.495033741,65.87632751,80.76892853
42.84563828,96.0422821,49.43767166,43.88263702,40.63816833,41.68790054
9.797382355,11.46233082,97.29666901,75.99790192,95.03307343,79.7012558
56.10401154,92.34451294,21.77998352,24.56788445,64.55709076,72.1003952
69.4485321,62.02095795,37.89912415,37.86061859,51.60881424,69.33535004
91.37175751,34.77264023,39.58442688,39.7243576,22.33231735,73.08335876
83.48171997,14.9245739,28.15034485,52.65731812,58.27581787,19.23069954
2.262920141,47.99782562,50.33711624,27.0359211,74.85327148,77.36460876
54.33605957,21.94091034,13.87323189,58.11764145,45.64703751,6.985104084
91.61640167,99.3731308,51.72558594,20.96989822,90.4373703,24.80695915
43.02611542,13.04204464,96.53644562,7.87088871,28.30147743,95.04134369
67.79476929,2.888578176,55.750103,89.54462433,66.75383759,81.98832703
50.24539185,34.53916168,90.92041016,11.14329147,89.01273346,21.94694328
51.37374878,54.76685333,65.72563934,65.2376709,28.13814354,18.42241859
46.29800415,92.29545593,44.11146545,90.03338623,36.80560684,23.69203568
35.34726334,53.82463455,69.29945374,23.15966415,1.42211318,92.54505157
40.4834137,40.64213181,6.449115276,94.99055481,29.46590233,25.75041008
26.97315788,84.72454834,75.60926056,84.6187439,98.40460205,25.59111786
5.55934906,82.62255096,70.05142975,44.12162399,76.1282959,71.44863892
24.38451576,67.2427597,49.7070961,49.20062256,58.08784485,66.48715973
97.90779114,72.18950653,15.54356766,76.95068359,60.56734467,77.28833008
6.09162426,99.67713928,22.3737545,83.48932648,26.80438232,75.88459015
39.02914429,33.98060608,32.61439896,38.2569313,50.81665421,30.84654808
